{
    "camera_mounted_positions": {
        "cam13": {
            "location": "left",
            "format": "MJPG",
            "height": 800,
            "width": 1280,
            "frame_rate": 100,
            "api_preference": "V4L2"
        },
        "cam14": {
            "location": "center",
            "format": "MJPG",
            "height": 800,
            "width": 1280,
            "frame_rate": 100,
            "api_preference": "V4L2"
        },
 	"766": {
            "location": "right",
            "format": "MJPG",
            "height": 800,
            "width": 1280,
            "frame_rate": 100,
            "api_preference": "V4L2"
        },
        "test_camera": {
            "location": "test",
            "format": "MJPG",
            "height": 480,
            "width": 640,
            "frame_rate": 30,
            "api_preference": "ANY"
        }
    },
    "extrinsics": {
        "center": {
            "rotation": [
                [
                    0.9992806315422058,
                    -0.03706127032637596,
                    0.00803839135915041
                ],
                [
                    -0.008617929182946682,
                    -0.015504140406847,
                    0.999842643737793
                ],
                [
                    -0.036930814385414124,
                    -0.9991927146911621,
                    -0.015812380239367485
                ]
            ],
            "offset": [
                0.1339188302,
                0.354810953140258,
                0.48386576771736145
            ]
        },
        "left": {
            "rotation": [
                [
                    0.9992682933807373,
                    0.037528686225414276,
                    -0.00737545732408762
                ],
                [
                    0.006799099966883659,
                    0.01546231284737587,
                    0.9998573064804077
                ],
                [
                    0.0376373752951622,
                    -0.9991758465766907,
                    0.015195838175714016
                ]
            ],
            "offset": [
                -0.02939368062,
                0.356389045715332,
                0.4813345670700073
            ]
        },
        "right": {
            "rotation": [
                [
                    0.5106198191642761,
                    2.1480484065250494e-05,
                    0.8598065376281738
                ],
                [
                    -0.8596022129058838,
                    0.021814445033669472,
                    0.5104979276657104
                ],
                [
                    -0.018745237961411476,
                    -0.9997620582580566,
                    0.011157353408634663
                ]
            ],
            "offset": [
                0.32332751154899597,
                -0.3085011839866638,
                0.22532792389392853
            ]
        },
        "test": {
            "rotation": [
                [
                    0.018362795934081078,
                    -0.3969206213951111,
                    -0.9176692366600037
                ],
                [
                    0.9998015761375427,
                    0.00019763408636208624,
                    0.019920799881219864
                ],
                [
                    -0.007725613657385111,
                    -0.9178529381752014,
                    0.3968454897403717
                ]
            ],
            "offset": [
                0.09344450384378433,
                0.3054337203502655,
                0.388673335313797
            ]
        }
    },
    "bag_recording": {
        "output_directory": "/tmp/ros_vision_bags",
        "max_bag_size": "1000000000",
        "topics": [
            "cameras/{location}/image_raw/compressed",
            "apriltags/{location}/images/compressed",
            "apriltags/{location}/pose",
            "apriltags/{location}/pose_camera"
        ],
        "auto_split": true,
        "max_duration": 300
    },
    "network_tables_config": {
        "table_address": "10.7.66.2",
        "table_name": "/SmartDashboard"
    },
    "performance_optimization": {
        "enable_optimizations": false,
        "available_cpu_cores": [
            4,
            5
        ],
        "default_priority": 80
    },
    "game_piece_detection": {
        "engine_file": "install/game_piece_detection/share/game_piece_detection/models/2026_rebuilt/rgb/rebuilt-yolov11-orin-fp16.engine",
        "input_channels": 3,
        "class_names": [
            "ball"
        ]
    }
}
