{
    "camera_mounted_positions": {
        "cam13": {
            "location": "left",
            "format": "MJPG",
            "height": 800,
            "width": 1280,
            "frame_rate": 100,
            "api_preference": "V4L2"
        },
        "cam14": {
            "location": "center",
            "format": "MJPG",
            "height": 800,
            "width": 1280,
            "frame_rate": 100,
            "api_preference": "V4L2"
        },
 	"766": {
            "location": "right",
            "format": "MJPG",
            "height": 800,
            "width": 1280,
            "frame_rate": 100,
            "api_preference": "V4L2"
        },
        "test_camera": {
            "location": "test",
            "format": "MJPG",
            "height": 480,
            "width": 640,
            "frame_rate": 30,
            "api_preference": "ANY"
        }
    },
    "extrinsics": {
        "center": {
             "rotation": [
                [
                    0.9971744418144226,
                    -0.035765428096055984,
                    -0.06605954468250275
                ],
                [
                    0.06457489728927612,
                    -0.04118657484650612,
                    0.9970625638961792
                ],
                [
                    -0.03838113695383072,
                    -0.9985111355781555,
                    -0.038760654628276825
                ]
            ],
            "offset": [
                0.14502030611038208,
                0.36202454566955566,
                0.4859108626842499
            ]
        },
        "left": {
            "rotation": [
                [
                    0.9962059855461121,
                    0.03538322448730469,
                    -0.07950794696807861
                ],
                [
                    0.07962378859519958,
                    -0.0018743083346635103,
                    0.9968231916427612
                ],
                [
                    0.035121798515319824,
                    -0.9993720650672913,
                    -0.004684543702751398
                ]
            ],
            "offset": [
                -0.021214226260781288,
                0.3492010533809662,
                0.47928106784820557
            ]
        },
        "right": {
            "rotation": [
                [
                    0.9992427229881287,
                    -0.036218397319316864,
                    -0.014217456802725792
                ],
                [
                    0.014345431700348854,
                    0.003275985596701503,
                    0.9998917579650879
                ],
                [
                    -0.03616790100932121,
                    -0.9993385076522827,
                    0.0037930733524262905
                ]
            ],
            "offset": [
                0.2796006500720978,
                0.35555732250213623,
                0.4828636944293976
            ]
        },
        "test": {
            "rotation": [
                [
                    0.018362795934081078,
                    -0.3969206213951111,
                    -0.9176692366600037
                ],
                [
                    0.9998015761375427,
                    0.00019763408636208624,
                    0.019920799881219864
                ],
                [
                    -0.007725613657385111,
                    -0.9178529381752014,
                    0.3968454897403717
                ]
            ],
            "offset": [
                0.09344450384378433,
                0.3054337203502655,
                0.388673335313797
            ]
        }
    },
    "bag_recording": {
        "output_directory": "/tmp/ros_vision_bags",
        "max_bag_size": "1000000000",
        "topics": [
            "cameras/{location}/image_raw/compressed",
            "apriltags/{location}/images/compressed",
            "apriltags/{location}/pose",
            "apriltags/{location}/pose_camera"
        ],
        "auto_split": true,
        "max_duration": 300
    },
    "network_tables_config": {
        "table_address": "10.7.66.2",
        "table_name": "/SmartDashboard"
    },
    "performance_optimization": {
        "enable_optimizations": false,
        "available_cpu_cores": [
            4,
            5
        ],
        "default_priority": 80
    },
    "game_piece_detection": {
        "engine_file": "install/game_piece_detection/share/game_piece_detection/models/2026_rebuilt/rgb/rebuilt-yolov11-orin-fp16.engine",
        "input_channels": 3,
        "class_names": [
            "ball"
        ]
    }
}
