{
    "camera_mounted_positions": {
        "cam13": {
            "location": "left",
            "format": "MJPG",
            "height": 800,
            "width": 1280,
            "frame_rate": 100,
            "api_preference": "V4L2"
        },
        "cam14": {
            "location": "center",
            "format": "MJPG",
            "height": 800,
            "width": 1280,
            "frame_rate": 100,
            "api_preference": "V4L2"
        },
        "766": {
            "location": "right",
            "format": "MJPG",
            "height": 800,
            "width": 1280,
            "frame_rate": 100,
            "api_preference": "V4L2"
        },
        "test_camera": {
            "location": "test",
            "format": "MJPG",
            "height": 480,
            "width": 640,
            "frame_rate": 30,
            "api_preference": "ANY"
        }
    },
    "extrinsics": {
        "center": {
            "rotation": [
                [
                    0.9971034526824951,
                    -0.03573623672127724,
                    -0.06713894009590149
                ],
                [
                    0.06563635170459747,
                    -0.04167919605970383,
                    0.9969727993011475
                ],
                [
                    -0.03842635452747345,
                    -0.9984917640686035,
                    -0.039212875068187714
                ]
            ],
            "offset": [
                0.14498576521873474,
                0.3621074855327606,
                0.4859321117401123
            ]
        },
        "left": {
            "rotation": [
                [
                    0.9961134791374207,
                    0.03541562706232071,
                    -0.08064502477645874
                ],
                [
                    0.08077595382928848,
                    -0.002279296051710844,
                    0.9967296719551086
                ],
                [
                    0.03511599078774452,
                    -0.9993700385093689,
                    -0.005131168756633997
                ]
            ],
            "offset": [
                -0.021249881014227867,
                0.3491089344024658,
                0.47930052876472473
            ]
        },
        "right": {
            "rotation": [
                [
                    0.9980879426002502,
                    -0.032910458743572235,
                    -0.052319444715976715
                ],
                [
                    0.05194571614265442,
                    -0.012110758572816849,
                    0.9985764622688293
                ],
                [
                    -0.03349723666906357,
                    -0.9993849396705627,
                    -0.010378045029938221
                ]
            ],
            "offset": [
                0.2637673020362854,
                0.35579609870910645,
                0.5052006244659424
            ]
        },
        "test": {
            "rotation": [
                [
                    0.018362795934081078,
                    -0.3969206213951111,
                    -0.9176692366600037
                ],
                [
                    0.9998015761375427,
                    0.00019763408636208624,
                    0.019920799881219864
                ],
                [
                    -0.007725613657385111,
                    -0.9178529381752014,
                    0.3968454897403717
                ]
            ],
            "offset": [
                0.09344450384378433,
                0.3054337203502655,
                0.388673335313797
            ]
        }
    },
    "bag_recording": {
        "output_directory": "/tmp/ros_vision_bags",
        "max_bag_size": "1000000000",
        "topics": [
            "cameras/{location}/image_raw/compressed",
            "apriltags/{location}/images/compressed",
            "apriltags/{location}/pose",
            "apriltags/{location}/pose_camera"
        ],
        "auto_split": true,
        "max_duration": 300
    },
    "network_tables_config": {
        "table_address": "10.7.66.2",
        "table_name": "/SmartDashboard"
    },
    "performance_optimization": {
        "enable_optimizations": false,
        "available_cpu_cores": [
            4,
            5
        ],
        "default_priority": 80
    },
    "game_piece_detection": {
        "engine_file": "install/game_piece_detection/share/game_piece_detection/models/2026_rebuilt/rgb/rebuilt-yolov11-orin-fp16.engine",
        "input_channels": 3,
        "class_names": [
            "ball"
        ]
    }
}
