{
    "camera_mounted_positions": {
        "cam13": {
            "location": "left",
            "format": "MJPG",
            "height": 800,
            "width": 1280,
            "frame_rate": 100,
            "api_preference": "V4L2"
        },
        "cam14": {
            "location": "center",
            "format": "MJPG",
            "height": 800,
            "width": 1280,
            "frame_rate": 100,
            "api_preference": "V4L2"
        },
 	"766": {
            "location": "right",
            "format": "MJPG",
            "height": 800,
            "width": 1280,
            "frame_rate": 100,
            "api_preference": "V4L2"
        },
        "test_camera": {
            "location": "test",
            "format": "MJPG",
            "height": 480,
            "width": 640,
            "frame_rate": 30,
            "api_preference": "ANY"
        }
    },
    "extrinsics": {
        "center": {
             "rotation": [
                [
                    0.9987320303916931,
                    -0.036964643746614456,
                    -0.03417586907744408
                ],
                [
                    0.03280482813715935,
                    -0.03708197548985481,
                    0.9987736344337463
                ],
                [
                    -0.03818662464618683,
                    -0.9986283183097839,
                    -0.03582233563065529
                ]
            ],
            "offset": [
                0.14019590616226196,
                0.35693225264549255,
                0.48258593678474426
            ]
        },
        "left": {
            "rotation": [
                [
                    0.9977591037750244,
                    0.03544972836971283,
                    -0.05674603953957558
                ],
                [
                    0.05698489025235176,
                    -0.005763226188719273,
                    0.9983583688735962
                ],
                [
                    0.035064492374658585,
                    -0.9993548393249512,
                    -0.007770410273224115
                ]
            ],
            "offset": [
                -0.01575007662177086,
                0.3541696071624756,
                0.48253387212753296
            ]
        },
        "right": {
            "rotation": [
                [
                    0.9992469549179077,
                    -0.03621331974864006,
                    -0.013930381275713444
                ],
                [
                    0.01405878085643053,
                    0.003293389454483986,
                    0.9998957514762878
                ],
                [
                    -0.03616366535425186,
                    -0.9993386268615723,
                    0.003800024511292577
                ]
            ],
            "offset": [
                0.2798144221305847,
                0.35589706897735596,
                0.4826918840408325
            ]
        },
        "test": {
            "rotation": [
                [
                    0.018362795934081078,
                    -0.3969206213951111,
                    -0.9176692366600037
                ],
                [
                    0.9998015761375427,
                    0.00019763408636208624,
                    0.019920799881219864
                ],
                [
                    -0.007725613657385111,
                    -0.9178529381752014,
                    0.3968454897403717
                ]
            ],
            "offset": [
                0.09344450384378433,
                0.3054337203502655,
                0.388673335313797
            ]
        }
    },
    "bag_recording": {
        "output_directory": "/tmp/ros_vision_bags",
        "max_bag_size": "1000000000",
        "topics": [
            "cameras/{location}/image_raw/compressed",
            "apriltags/{location}/images/compressed",
            "apriltags/{location}/pose",
            "apriltags/{location}/pose_camera"
        ],
        "auto_split": true,
        "max_duration": 300
    },
    "network_tables_config": {
        "table_address": "10.7.66.2",
        "table_name": "/SmartDashboard"
    },
    "performance_optimization": {
        "enable_optimizations": false,
        "available_cpu_cores": [
            4,
            5
        ],
        "default_priority": 80
    },
    "game_piece_detection": {
        "engine_file": "install/game_piece_detection/share/game_piece_detection/models/2026_rebuilt/rgb/rebuilt-yolov11-orin-fp16.engine",
        "input_channels": 3,
        "class_names": [
            "ball"
        ]
    }
}
